Exported by CATT-Acoustic v9.1e
Copyright © CATT 1988-2019
PROJECT=SINS

Surface properties are coded using unique DXF color indices:

                  +------- Absorption coefficients [%] -------+ Model +------- Scattering coefficients [%] -------+- color -+----- (transmission coefficients [%]) -----+
Name              125   250   500    1k    2k    4k    8k   16k       125   250   500    1k    2k    4k    8k   16k  index  125   250   500    1k    2k    4k    8k   16k
-----------------------------------------------------------------------------------------------------------------------------------------------------------------------
WALLPAPER_OWN     2.0   3.0   4.0   5.0   7.0   8.0   9.0  10.0  L   10.0  10.0  10.0  10.0  10.0  10.0  10.0  10.0      3
CONCRETE_OWN     11.0  11.0  11.0  12.0  12.0  13.0  14.0  15.0  L   10.0  10.0  10.0  10.0  10.0  10.0  10.0  10.0     40
COUCH_OWN        21.0  35.0  73.0  95.0  89.0  97.0  99.0  99.0  L   10.0  10.0  10.0  10.0  10.0  10.0  10.0  10.0      5
WINDOW1          35.0  25.0  18.0  12.0   7.0   4.0   1.0   1.0  L   10.0  10.0  10.0  10.0  10.0  10.0  10.0  10.0    253
TILE_FLOOR        2.0   2.0   2.0   2.0   3.0   3.0   3.0   3.0  L   10.0  10.0  10.0  10.0  10.0  10.0  10.0  10.0    254
MATRESS_OWN      23.0  40.0  81.0  99.0  94.0  94.0  94.0  94.0  L   10.0  10.0  10.0  10.0  10.0  10.0  10.0  10.0    252
WOOD30           19.0  14.0   9.0   6.0   6.0   5.0   4.0   3.0  L   10.0  10.0  10.0  10.0  10.0  10.0  10.0  10.0    151
METALL            1.0   1.0   1.0   2.0   2.0   2.0   2.0   2.0  L   10.0  10.0  10.0  10.0  10.0  10.0  10.0  10.0     31
WOODEN_DOOR      14.0  10.0   6.0   8.0  10.0  10.0  10.0  10.0  L   10.0  10.0  10.0  10.0  10.0  10.0  10.0  10.0    111
WOOD_FLOOR1       4.0   4.0   7.0   6.0   6.0   7.0   8.0   9.0  L   10.0  10.0  10.0  10.0  10.0  10.0  10.0  10.0    231
LINOLEUM40        2.0   2.0   3.0   4.0   4.0   5.0   6.0   7.0  L   10.0  10.0  10.0  10.0  10.0  10.0  10.0  10.0     71
CARPET_5MM        2.0   3.0   5.0  10.0  30.0  50.0  70.0  90.0  L   10.0  10.0  10.0  10.0  10.0  10.0  10.0  10.0     41
CARPET_SOFT       9.0   8.0  21.0  26.0  27.0  37.0  47.0  57.0  L   10.0  10.0  10.0  10.0  10.0  10.0  10.0  10.0     21
